4	TRINITY_DN13_c0_g1_i1	100.000	174	0	0	1	174	1585	1412	1.24e-90	322
18	TRINITY_DN15_c0_g2_i2	100.000	39	0	0	1	39	213	251	2.19e-16	73.1
74	TRINITY_DN11_c0_g1_i1	100.000	45	0	0	3	47	3	47	1.33e-19	84.2
86	TRINITY_DN8_c0_g1_i18	100.000	34	0	0	1	34	1448	1481	1.11e-13	63.9
105	TRINITY_DN3_c0_g1_i1	100.000	92	0	0	1	92	271	180	2.32e-45	171
112	TRINITY_DN9_c0_g3_i2	100.000	31	0	0	1	31	371	341	4.42e-12	58.4
135	TRINITY_DN12_c0_g1_i1	99.728	368	1	0	1	368	257	624	0.0	675
136	TRINITY_DN8_c0_g1_i22	100.000	64	0	0	1	64	625	562	5.43e-30	119
140	TRINITY_DN14_c0_g2_i2	100.000	28	0	0	1	28	165	138	1.71e-10	52.8
155	TRINITY_DN9_c0_g2_i1	100.000	41	0	0	1	41	50	90	1.83e-17	76.8
159	TRINITY_DN11_c0_g2_i1	98.148	54	1	0	1	54	226	173	7.48e-23	95.3
165	TRINITY_DN6_c0_g1_i2	97.647	85	2	0	1	85	132	48	3.56e-38	147
189	TRINITY_DN17_c0_g1_i1	100.000	41	0	0	1	41	124	84	1.83e-17	76.8
212	TRINITY_DN12_c0_g1_i1	98.936	94	1	0	1	94	197	104	8.57e-45	169
259	TRINITY_DN17_c0_g2_i2	100.000	39	0	0	1	39	1733	1771	2.19e-16	73.1
285	TRINITY_DN11_c0_g1_i2	100.000	36	0	0	1	36	295	330	8.96e-15	67.6
301	TRINITY_DN16_c0_g1_i8	99.681	313	1	0	1	313	572	260	5.81e-166	573
311	TRINITY_DN16_c0_g2_i4	100.000	50	0	0	1	50	749	700	2.42e-22	93.5
316	TRINITY_DN10_c0_g2_i1	100.000	31	0	0	1	31	340	310	4.42e-12	58.4
323	TRINITY_DN17_c0_g2_i2	100.000	30	0	0	1	30	453	482	1.50e-11	56.5
366	TRINITY_DN14_c0_g1_i1	100.000	94	0	0	1	94	1244	1337	1.84e-46	174
370	TRINITY_DN11_c0_g1_i1	100.000	34	0	0	1	34	28	61	1.11e-13	63.9
381	TRINITY_DN16_c0_g1_i8	100.000	32	0	0	1	32	2020	1989	1.30e-12	60.2
403	TRINITY_DN11_c0_g1_i2	100.000	85	0	0	1	85	395	311	1.64e-41	158
410	TRINITY_DN20_c0_g1_i1	100.000	94	0	0	1	94	251	158	1.84e-46	174
412	TRINITY_DN13_c0_g1_i1	100.000	34	0	0	1	34	921	954	1.11e-13	63.9
480	TRINITY_DN17_c0_g2_i2	100.000	50	0	0	1	50	1942	1893	2.42e-22	93.5
500	TRINITY_DN7_c0_g1_i1	100.000	102	0	0	1	102	466	567	7.24e-51	189
581	TRINITY_DN10_c0_g2_i1	100.000	32	0	0	1	32	106	75	1.30e-12	60.2
589	TRINITY_DN16_c0_g1_i8	100.000	98	0	0	1	98	100	3	1.17e-48	182
604	TRINITY_DN8_c0_g1_i20	100.000	73	0	0	1	73	1373	1445	6.38e-35	135
608	TRINITY_DN17_c0_g2_i2	100.000	29	0	0	1	29	2879	2851	5.08e-11	54.7
631	TRINITY_DN16_c0_g1_i8	100.000	64	0	0	1	64	1470	1533	5.65e-30	119
698	TRINITY_DN17_c0_g2_i2	100.000	36	0	0	1	36	3128	3163	8.96e-15	67.6
699	TRINITY_DN17_c0_g2_i2	100.000	152	0	0	1	152	3068	2917	1.81e-78	281
754	TRINITY_DN14_c0_g1_i1	98.750	160	2	0	1	160	499	658	1.49e-79	285
768	TRINITY_DN14_c0_g1_i1	100.000	84	0	0	1	84	151	234	5.83e-41	156
786	TRINITY_DN16_c0_g2_i4	100.000	32	0	0	1	32	188	157	1.30e-12	60.2
801	TRINITY_DN14_c0_g1_i1	98.214	56	1	0	1	56	107	162	6.07e-24	99.0
816	TRINITY_DN8_c0_g1_i22	100.000	187	0	0	3	189	1828	1642	8.07e-98	346
818	TRINITY_DN17_c0_g2_i2	100.000	89	0	0	1	89	2578	2666	1.04e-43	165
819	TRINITY_DN2_c0_g1_i1	100.000	55	0	0	1	55	36	90	4.58e-25	102
821	TRINITY_DN15_c0_g2_i2	100.000	41	0	0	1	41	284	244	1.83e-17	76.8
853	TRINITY_DN13_c0_g1_i1	99.497	199	1	0	1	199	286	88	8.48e-103	363
891	TRINITY_DN13_c0_g1_i2	100.000	83	0	0	1	83	262	344	2.10e-40	154
904	TRINITY_DN11_c0_g2_i1	100.000	33	0	0	1	33	123	91	3.79e-13	62.1
928	TRINITY_DN12_c0_g2_i1	100.000	33	0	0	1	33	297	329	5.12e-13	62.1
944	TRINITY_DN17_c0_g2_i2	100.000	28	0	0	1	28	1752	1779	1.71e-10	52.8
959	TRINITY_DN16_c0_g2_i4	100.000	413	0	0	1	413	169	581	0.0	763
960	TRINITY_DN10_c0_g2_i1	100.000	122	0	0	1	122	356	477	6.79e-62	226
991	TRINITY_DN8_c0_g1_i22	100.000	41	0	0	1	41	646	606	1.83e-17	76.8
994	TRINITY_DN17_c0_g2_i2	100.000	33	0	0	1	33	3087	3119	3.79e-13	62.1
1008	TRINITY_DN11_c0_g1_i2	100.000	168	0	0	1	168	88	255	2.59e-87	311
1042	TRINITY_DN14_c0_g2_i2	100.000	32	0	0	1	32	367	336	1.30e-12	60.2
1074	TRINITY_DN16_c0_g1_i8	100.000	68	0	0	1	68	1562	1629	3.51e-32	126
1079	TRINITY_DN8_c0_g1_i22	100.000	64	0	0	1	64	468	405	5.43e-30	119
1115	TRINITY_DN12_c0_g1_i1	100.000	28	0	0	1	28	254	227	1.71e-10	52.8
1200	TRINITY_DN17_c0_g2_i2	100.000	31	0	0	1	31	3108	3138	4.42e-12	58.4
1218	TRINITY_DN11_c0_g2_i1	100.000	45	0	0	1	45	62	106	1.25e-19	84.2
1227	TRINITY_DN16_c0_g2_i4	100.000	51	0	0	1	51	120	170	6.91e-23	95.3
1235	TRINITY_DN13_c0_g1_i1	100.000	28	0	0	1	28	1385	1412	1.71e-10	52.8
1283	TRINITY_DN13_c0_g1_i2	100.000	35	0	0	1	35	275	241	3.08e-14	65.8
1308	TRINITY_DN12_c0_g2_i1	97.368	38	1	0	1	38	291	254	3.52e-14	65.8
1405	TRINITY_DN13_c0_g1_i1	99.457	184	1	0	1	184	1293	1110	1.70e-94	335
1426	TRINITY_DN16_c0_g1_i6	100.000	107	0	0	1	107	2006	2112	1.27e-53	198
1450	TRINITY_DN16_c0_g1_i8	100.000	41	0	0	1	41	1489	1449	1.83e-17	76.8
1465	TRINITY_DN16_c0_g1_i7	100.000	34	0	0	1	34	2485	2452	1.11e-13	63.9
1537	TRINITY_DN17_c0_g2_i2	100.000	28	0	0	1	28	2909	2936	1.71e-10	52.8
1653	TRINITY_DN17_c0_g2_i2	100.000	28	0	0	1	28	2868	2841	1.71e-10	52.8
1659	TRINITY_DN13_c0_g1_i1	100.000	34	0	0	1	34	1281	1314	1.11e-13	63.9
1689	TRINITY_DN9_c0_g3_i1	100.000	104	0	0	1	104	812	915	5.73e-52	193
1731	TRINITY_DN12_c0_g1_i1	100.000	41	0	0	1	41	1072	1032	1.83e-17	76.8
1749	TRINITY_DN8_c0_g1_i22	100.000	37	0	0	1	37	1595	1631	2.61e-15	69.4
1789	TRINITY_DN17_c0_g2_i2	100.000	42	0	0	1	42	63	104	5.27e-18	78.7
1796	TRINITY_DN8_c0_g1_i22	100.000	42	0	0	1	42	1431	1390	5.27e-18	78.7
1797	TRINITY_DN17_c0_g2_i2	98.305	59	1	0	1	59	2527	2469	1.40e-25	104
1811	TRINITY_DN14_c0_g2_i2	100.000	29	0	0	1	29	327	355	5.08e-11	54.7
1824	TRINITY_DN8_c0_g1_i22	100.000	50	0	0	1	50	1661	1612	2.42e-22	93.5
1832	TRINITY_DN7_c0_g1_i1	100.000	92	0	0	1	92	1494	1585	2.32e-45	171
1871	TRINITY_DN9_c0_g3_i2	100.000	28	0	0	1	28	181	154	1.71e-10	52.8
1901	TRINITY_DN9_c0_g3_i1	100.000	56	0	0	1	56	817	762	1.30e-25	104
1907	TRINITY_DN15_c0_g2_i2	96.774	62	2	0	143	204	54	115	5.83e-25	104
1958	TRINITY_DN10_c0_g2_i1	100.000	29	0	0	1	29	99	127	5.08e-11	54.7
1964	TRINITY_DN16_c0_g2_i4	100.000	49	0	0	1	49	567	615	8.46e-22	91.6
1978	TRINITY_DN17_c0_g1_i1	100.000	28	0	0	1	28	105	132	1.94e-10	52.8
2040	TRINITY_DN14_c0_g2_i2	100.000	29	0	0	1	29	348	376	5.08e-11	54.7
2057	TRINITY_DN16_c0_g1_i8	99.248	133	1	0	1	133	1806	1674	2.65e-66	241
2060	TRINITY_DN17_c0_g2_i2	99.565	230	1	0	1	230	2421	2192	5.80e-120	420
2066	TRINITY_DN17_c0_g2_i1	100.000	50	0	0	1	50	71	120	3.22e-22	93.5
2097	TRINITY_DN15_c0_g2_i2	100.000	120	0	0	1	120	230	111	8.62e-61	222
2098	TRINITY_DN14_c0_g1_i1	98.857	175	2	0	1	175	1532	1706	7.52e-88	313
2147	TRINITY_DN16_c0_g1_i8	100.000	47	0	0	1	47	2288	2242	1.03e-20	87.9
2148	TRINITY_DN16_c0_g2_i4	100.000	32	0	0	1	32	688	719	1.30e-12	60.2
2162	TRINITY_DN8_c0_g1_i18	99.074	108	1	0	1	108	1937	1830	1.66e-52	195
2195	TRINITY_DN5_c0_g1_i1	100.000	96	0	0	1	96	183	88	1.46e-47	178
2253	TRINITY_DN17_c0_g2_i2	100.000	34	0	0	1	34	1930	1963	1.11e-13	63.9
2258	TRINITY_DN17_c0_g1_i1	100.000	32	0	0	1	32	1	32	1.30e-12	60.2
2270	TRINITY_DN17_c0_g2_i2	99.852	674	1	0	1	674	474	1147	0.0	1240
2330	TRINITY_DN15_c0_g3_i1	100.000	58	0	0	1	58	95	152	1.06e-26	108
2339	TRINITY_DN12_c0_g2_i1	100.000	41	0	0	1	41	272	312	1.83e-17	76.8
2364	TRINITY_DN16_c0_g1_i8	99.670	303	1	0	1	303	711	1013	2.03e-160	555
2404	TRINITY_DN13_c0_g1_i1	99.375	160	1	0	1	160	825	666	3.19e-81	291
2498	TRINITY_DN8_c0_g1_i22	100.000	37	0	0	1	37	1409	1373	2.61e-15	69.4
2502	TRINITY_DN10_c0_g2_i1	100.000	41	0	0	1	41	325	365	1.83e-17	76.8
2529	TRINITY_DN11_c0_g2_i1	100.000	29	0	0	1	29	77	49	5.08e-11	54.7
2537	TRINITY_DN17_c0_g2_i2	100.000	281	0	0	1	281	1415	1135	6.85e-150	520
2623	TRINITY_DN16_c0_g1_i8	100.000	68	0	0	1	68	2650	2717	3.51e-32	126
2658	TRINITY_DN8_c0_g1_i22	100.000	64	0	0	1	64	1475	1412	5.43e-30	119
2695	TRINITY_DN14_c0_g1_i1	100.000	67	0	0	1	67	1783	1849	1.24e-31	124
2712	TRINITY_DN6_c0_g1_i2	99.074	108	1	0	1	108	268	375	1.66e-52	195
2719	TRINITY_DN2_c0_g1_i1	100.000	126	0	0	1	126	202	77	4.21e-64	233
2792	TRINITY_DN9_c0_g3_i2	100.000	30	0	0	1	30	510	481	1.50e-11	56.5
2815	TRINITY_DN13_c0_g1_i1	99.091	110	1	0	1	110	1404	1295	1.31e-53	198
2841	TRINITY_DN9_c0_g3_i2	100.000	56	0	0	1	56	352	407	1.30e-25	104
2892	TRINITY_DN16_c0_g2_i3	100.000	95	0	0	1	95	819	725	5.19e-47	176
2896	TRINITY_DN12_c0_g1_i1	98.438	128	2	0	1	128	1186	1059	7.17e-62	226
2930	TRINITY_DN16_c0_g1_i8	100.000	102	0	0	1	102	2261	2160	7.24e-51	189
2967	TRINITY_DN15_c0_g2_i2	100.000	32	0	0	1	32	232	263	1.30e-12	60.2
2982	TRINITY_DN9_c0_g3_i1	100.000	175	0	0	1	175	513	687	3.48e-91	324
2989	TRINITY_DN11_c0_g1_i2	100.000	28	0	0	1	28	402	429	1.71e-10	52.8
2991	TRINITY_DN9_c0_g1_i2	100.000	28	0	0	1	28	135	108	1.71e-10	52.8
3022	TRINITY_DN9_c0_g1_i2	100.000	33	0	0	1	33	95	127	3.79e-13	62.1
3035	TRINITY_DN11_c0_g1_i2	100.000	41	0	0	1	41	376	416	1.83e-17	76.8
3050	TRINITY_DN13_c0_g1_i1	100.000	33	0	0	1	33	1393	1425	3.79e-13	62.1
3111	TRINITY_DN25_c0_g1_i1	100.000	97	0	0	1	97	248	152	4.11e-48	180
3141	TRINITY_DN17_c0_g2_i2	100.000	30	0	0	1	30	492	463	1.50e-11	56.5
3156	TRINITY_DN10_c0_g2_i1	100.000	31	0	0	1	31	120	150	4.42e-12	58.4
3167	TRINITY_DN2_c0_g1_i1	100.000	28	0	0	1	28	227	200	1.71e-10	52.8
3181	TRINITY_DN16_c0_g1_i8	100.000	150	0	0	1	150	711	562	2.31e-77	278
3193	TRINITY_DN12_c0_g1_i1	100.000	41	0	0	1	41	123	83	1.83e-17	76.8
3208	TRINITY_DN14_c0_g1_i1	100.000	43	0	0	1	43	857	815	1.52e-18	80.5
3252	TRINITY_DN8_c0_g1_i19	100.000	84	0	0	1	84	1679	1596	5.83e-41	156
3264	TRINITY_DN16_c0_g1_i7	100.000	136	0	0	1	136	2242	2377	1.26e-69	252
3285	TRINITY_DN8_c0_g1_i22	100.000	104	0	0	1	104	1963	2066	5.73e-52	193
3286	TRINITY_DN17_c0_g2_i2	100.000	116	0	0	1	116	3310	3195	1.39e-58	215
3295	TRINITY_DN12_c0_g1_i1	100.000	271	0	0	1	271	625	895	2.40e-144	501
3338	TRINITY_DN8_c0_g1_i22	100.000	28	0	0	1	28	885	858	1.71e-10	52.8
3391	TRINITY_DN10_c0_g2_i2	100.000	30	0	0	1	30	229	200	1.50e-11	56.5
3404	TRINITY_DN11_c0_g1_i2	100.000	52	0	0	1	52	314	263	1.97e-23	97.1
3438	TRINITY_DN8_c0_g1_i22	100.000	442	0	0	1	442	1310	869	0.0	817
3441	TRINITY_DN13_c0_g1_i1	100.000	46	0	0	1	46	935	980	3.60e-20	86.1
3460	TRINITY_DN8_c0_g1_i13	100.000	36	0	0	1	36	1596	1631	8.96e-15	67.6
3477	TRINITY_DN16_c0_g2_i1	100.000	40	0	0	1	40	693	654	6.33e-17	75.0
3487	TRINITY_DN11_c0_g2_i1	100.000	31	0	0	1	31	68	38	4.42e-12	58.4
3520	TRINITY_DN15_c0_g1_i10	100.000	114	0	0	1	114	304	191	1.76e-57	211
3613	TRINITY_DN17_c0_g2_i2	98.565	209	3	0	1	209	1951	2159	5.34e-105	370
3664	TRINITY_DN11_c0_g2_i1	100.000	48	0	0	1	48	151	104	2.96e-21	89.8
3685	TRINITY_DN8_c0_g1_i22	100.000	75	0	0	1	75	1898	1824	5.10e-36	139
3688	TRINITY_DN14_c0_g2_i2	100.000	29	0	0	1	29	233	205	5.08e-11	54.7
3747	TRINITY_DN16_c0_g1_i8	99.469	377	2	0	1	377	1092	1468	0.0	686
3766	TRINITY_DN16_c0_g2_i4	100.000	49	0	0	1	49	4	52	8.46e-22	91.6
3766	TRINITY_DN16_c0_g2_i4	100.000	49	0	0	1	49	62	110	8.46e-22	91.6
3767	TRINITY_DN17_c0_g2_i2	100.000	75	0	0	1	75	1628	1554	5.10e-36	139
3796	TRINITY_DN13_c0_g1_i1	100.000	46	0	0	1	46	971	1016	3.60e-20	86.1
3803	TRINITY_DN16_c0_g1_i7	100.000	41	0	0	1	41	2506	2466	1.83e-17	76.8
3804	TRINITY_DN16_c0_g1_i8	100.000	41	0	0	1	41	2509	2469	1.83e-17	76.8
3810	TRINITY_DN17_c0_g2_i2	97.826	46	1	0	1	46	1443	1398	1.67e-18	80.5
3813	TRINITY_DN15_c0_g2_i2	100.000	81	0	0	1	81	345	265	2.59e-39	150
3848	TRINITY_DN10_c0_g2_i2	100.000	130	0	0	1	130	181	52	2.58e-66	241
3867	TRINITY_DN12_c0_g1_i1	100.000	28	0	0	1	28	215	188	1.71e-10	52.8
3904	TRINITY_DN12_c0_g1_i1	100.000	50	0	0	1	50	53	102	2.42e-22	93.5
3905	TRINITY_DN11_c0_g2_i1	100.000	34	0	0	1	34	34	1	1.11e-13	63.9
3907	TRINITY_DN13_c0_g1_i1	99.742	388	1	0	1	388	1598	1985	0.0	712
3937	TRINITY_DN17_c0_g2_i2	100.000	37	0	0	1	37	3049	3085	2.61e-15	69.4
4006	TRINITY_DN17_c0_g2_i2	100.000	28	0	0	1	28	2899	2872	1.71e-10	52.8
4010	TRINITY_DN17_c0_g2_i2	100.000	74	0	0	2	75	1504	1431	1.84e-35	137
4019	TRINITY_DN17_c0_g2_i2	99.010	101	1	0	1	101	2792	2692	1.20e-48	182
4026	TRINITY_DN10_c0_g2_i1	100.000	32	0	0	1	32	133	164	1.30e-12	60.2
4034	TRINITY_DN12_c0_g1_i1	100.000	71	0	0	1	71	981	1051	7.97e-34	132
4093	TRINITY_DN11_c0_g2_i1	100.000	41	0	0	1	41	192	152	1.83e-17	76.8
4132	TRINITY_DN11_c0_g1_i2	100.000	33	0	0	1	33	442	410	3.79e-13	62.1
4151	TRINITY_DN17_c0_g1_i1	100.000	54	0	0	1	54	83	30	1.61e-24	100
4209	TRINITY_DN16_c0_g1_i8	100.000	85	0	0	1	85	2003	1919	1.64e-41	158
4216	TRINITY_DN16_c0_g2_i4	100.000	107	0	0	1	107	707	601	1.27e-53	198
4255	TRINITY_DN16_c0_g2_i4	100.000	42	0	0	1	42	35	76	5.27e-18	78.7
4255	TRINITY_DN16_c0_g2_i4	100.000	42	0	0	1	42	93	134	5.27e-18	78.7
4290	TRINITY_DN11_c0_g1_i1	98.276	174	3	0	46	219	343	170	1.61e-85	305
4291	TRINITY_DN17_c0_g1_i1	100.000	37	0	0	1	37	64	100	2.61e-15	69.4
4308	TRINITY_DN17_c0_g2_i2	100.000	28	0	0	1	28	3071	3098	1.71e-10	52.8
4328	TRINITY_DN7_c0_g1_i1	100.000	84	0	0	1	84	269	352	5.83e-41	156
4353	TRINITY_DN8_c0_g1_i22	100.000	36	0	0	1	36	1503	1538	8.96e-15	67.6
4362	TRINITY_DN8_c0_g1_i22	100.000	40	0	0	1	40	856	817	6.33e-17	75.0
4381	TRINITY_DN17_c0_g1_i1	100.000	120	0	0	1	120	130	249	8.62e-61	222
4386	TRINITY_DN16_c0_g1_i8	99.379	161	1	0	1	161	2490	2650	8.94e-82	292
4435	TRINITY_DN17_c0_g2_i2	100.000	109	0	0	1	109	1725	1617	1.01e-54	202
4488	TRINITY_DN14_c0_g1_i1	100.000	147	0	0	1	147	1530	1384	1.05e-75	272
4505	TRINITY_DN16_c0_g1_i8	100.000	131	0	0	1	131	96	226	7.24e-67	243
4507	TRINITY_DN14_c0_g1_i1	100.000	61	0	0	1	61	1383	1323	2.42e-28	113
4519	TRINITY_DN10_c0_g2_i2	100.000	28	0	0	1	28	237	210	1.71e-10	52.8
4526	TRINITY_DN8_c0_g1_i22	100.000	78	0	0	1	78	1392	1315	1.15e-37	145
4571	TRINITY_DN12_c0_g1_i1	100.000	32	0	0	1	32	245	276	1.30e-12	60.2
4628	TRINITY_DN8_c0_g1_i22	100.000	41	0	0	1	41	1546	1586	1.83e-17	76.8
4636	TRINITY_DN13_c0_g1_i1	100.000	63	0	0	1	63	1059	997	1.91e-29	117
4649	TRINITY_DN9_c0_g3_i2	100.000	33	0	0	1	33	500	532	3.79e-13	62.1
4672	TRINITY_DN14_c0_g1_i1	100.000	46	0	0	1	46	53	8	3.60e-20	86.1
4694	TRINITY_DN17_c0_g2_i2	100.000	37	0	0	1	37	1712	1748	2.61e-15	69.4
4711	TRINITY_DN10_c0_g2_i2	100.000	49	0	0	1	49	71	23	8.46e-22	91.6
4715	TRINITY_DN16_c0_g1_i8	100.000	32	0	0	1	32	2473	2442	1.30e-12	60.2
4745	TRINITY_DN17_c0_g2_i2	100.000	377	0	0	1	377	471	95	0.0	697
4762	TRINITY_DN6_c0_g1_i2	100.000	49	0	0	1	49	6	54	8.46e-22	91.6
4812	TRINITY_DN14_c0_g1_i1	100.000	213	0	0	1	213	298	510	3.24e-112	394
4830	TRINITY_DN9_c0_g1_i2	100.000	30	0	0	1	30	81	110	1.50e-11	56.5
4849	TRINITY_DN8_c0_g1_i22	100.000	210	0	0	1	210	836	627	1.48e-110	388
4883	TRINITY_DN6_c0_g1_i2	100.000	66	0	0	1	66	399	464	4.37e-31	122
4912	TRINITY_DN12_c0_g2_i1	93.636	110	4	1	44	153	198	92	2.50e-42	161
4912	TRINITY_DN12_c0_g2_i1	100.000	42	0	0	1	42	260	219	2.59e-17	78.7
4914	TRINITY_DN7_c0_g1_i1	96.667	60	2	0	9	68	86	145	2.13e-24	100
4948	TRINITY_DN11_c0_g2_i1	100.000	43	0	0	1	43	15	57	1.52e-18	80.5
4950	TRINITY_DN8_c0_g1_i22	100.000	30	0	0	1	30	877	848	1.50e-11	56.5
4981	TRINITY_DN10_c0_g2_i1	100.000	28	0	0	1	28	292	319	1.71e-10	52.8
4989	TRINITY_DN15_c0_g3_i1	100.000	31	0	0	1	31	34	4	4.42e-12	58.4
5028	TRINITY_DN12_c0_g1_i1	100.000	40	0	0	1	40	605	644	6.33e-17	75.0
5043	TRINITY_DN13_c0_g1_i1	100.000	170	0	0	1	170	466	635	2.03e-88	315
5063	TRINITY_DN13_c0_g1_i2	100.000	53	0	0	1	53	201	253	5.63e-24	99.0
5088	TRINITY_DN17_c0_g2_i2	100.000	63	0	0	1	63	2570	2508	1.91e-29	117
5101	TRINITY_DN8_c0_g1_i21	100.000	51	0	0	1	51	1761	1811	6.91e-23	95.3
5130	TRINITY_DN9_c0_g2_i1	100.000	60	0	0	1	60	126	185	8.54e-28	111
5174	TRINITY_DN13_c0_g1_i1	100.000	49	0	0	1	49	909	861	8.46e-22	91.6
5210	TRINITY_DN17_c0_g2_i2	100.000	34	0	0	1	34	1800	1767	1.11e-13	63.9
5213	TRINITY_DN8_c0_g1_i22	100.000	48	0	0	1	48	1614	1567	2.96e-21	89.8
5241	TRINITY_DN17_c0_g2_i2	98.795	83	1	0	1	83	1870	1788	9.61e-39	148
5288	TRINITY_DN8_c0_g1_i22	100.000	47	0	0	1	47	1519	1565	1.03e-20	87.9
5291	TRINITY_DN9_c0_g1_i2	100.000	28	0	0	1	28	66	93	1.71e-10	52.8
