TRINITY_DN13_c0_g1_i1	3907	99.742	388	1	0	1598	1985	1	388	0.0	712
TRINITY_DN13_c0_g1_i2	853	94.828	174	9	0	1	174	174	1	1.97e-75	272
TRINITY_DN25_c0_g1_i1	3111	100.000	97	0	0	152	248	97	1	1.29e-47	180
TRINITY_DN12_c0_g1_i1	135	99.728	368	1	0	257	624	1	368	0.0	675
TRINITY_DN12_c0_g2_i1	4912	93.636	110	4	1	92	198	153	44	4.64e-42	161
TRINITY_DN8_c0_g1_i1	3438	100.000	442	0	0	869	1310	442	1	0.0	817
TRINITY_DN8_c0_g1_i2	3438	100.000	442	0	0	869	1310	442	1	0.0	817
TRINITY_DN8_c0_g1_i3	3438	100.000	442	0	0	869	1310	442	1	0.0	817
TRINITY_DN8_c0_g1_i4	3438	100.000	442	0	0	869	1310	442	1	0.0	817
TRINITY_DN8_c0_g1_i5	3438	100.000	442	0	0	869	1310	442	1	0.0	817
TRINITY_DN8_c0_g1_i6	3438	100.000	442	0	0	869	1310	442	1	0.0	817
TRINITY_DN8_c0_g1_i7	3438	100.000	442	0	0	869	1310	442	1	0.0	817
TRINITY_DN8_c0_g1_i8	3438	100.000	442	0	0	869	1310	442	1	0.0	817
TRINITY_DN8_c0_g1_i9	3438	100.000	442	0	0	869	1310	442	1	0.0	817
TRINITY_DN8_c0_g1_i10	3438	100.000	442	0	0	869	1310	442	1	0.0	817
TRINITY_DN8_c0_g1_i11	3438	100.000	442	0	0	869	1310	442	1	0.0	817
TRINITY_DN8_c0_g1_i12	3438	100.000	442	0	0	869	1310	442	1	0.0	817
TRINITY_DN8_c0_g1_i13	3438	100.000	442	0	0	869	1310	442	1	0.0	817
TRINITY_DN8_c0_g1_i14	3438	100.000	442	0	0	869	1310	442	1	0.0	817
TRINITY_DN8_c0_g1_i15	3438	100.000	442	0	0	869	1310	442	1	0.0	817
TRINITY_DN8_c0_g1_i16	3438	100.000	442	0	0	869	1310	442	1	0.0	817
TRINITY_DN8_c0_g1_i17	3438	100.000	442	0	0	869	1310	442	1	0.0	817
TRINITY_DN8_c0_g1_i18	3438	100.000	442	0	0	869	1310	442	1	0.0	817
TRINITY_DN8_c0_g1_i19	3438	100.000	442	0	0	869	1310	442	1	0.0	817
TRINITY_DN8_c0_g1_i20	3438	100.000	442	0	0	869	1310	442	1	0.0	817
TRINITY_DN8_c0_g1_i21	3438	100.000	442	0	0	869	1310	442	1	0.0	817
TRINITY_DN8_c0_g1_i22	3438	100.000	442	0	0	869	1310	442	1	0.0	817
TRINITY_DN7_c0_g1_i1	500	100.000	102	0	0	466	567	1	102	8.83e-50	189
TRINITY_DN11_c0_g1_i1	4290	98.276	174	3	0	170	343	219	46	1.93e-85	305
TRINITY_DN11_c0_g1_i2	1008	100.000	168	0	0	88	255	1	168	5.94e-87	311
TRINITY_DN11_c0_g2_i1	159	98.148	54	1	0	173	226	54	1	3.05e-22	95.3
TRINITY_DN5_c0_g1_i1	2195	100.000	96	0	0	88	183	96	1	4.89e-47	178
TRINITY_DN6_c0_g1_i1	2712	99.074	108	1	0	268	375	1	108	9.84e-52	195
TRINITY_DN6_c0_g1_i2	2712	99.074	108	1	0	268	375	1	108	1.03e-51	195
TRINITY_DN2_c0_g1_i1	2719	100.000	126	0	0	77	202	126	1	6.09e-64	233
TRINITY_DN16_c0_g1_i1	3747	99.469	377	2	0	1092	1468	1	377	0.0	686
TRINITY_DN16_c0_g2_i1	959	100.000	413	0	0	169	581	1	413	0.0	763
TRINITY_DN16_c0_g1_i2	1074	100.000	68	0	0	100	167	1	68	1.00e-31	126
TRINITY_DN16_c0_g1_i3	3747	99.469	377	2	0	1092	1468	1	377	0.0	686
TRINITY_DN16_c0_g1_i4	301	99.681	313	1	0	260	572	313	1	1.26e-165	573
TRINITY_DN16_c0_g1_i5	3747	99.469	377	2	0	1092	1468	1	377	0.0	686
TRINITY_DN16_c0_g1_i6	3747	99.469	377	2	0	1092	1468	1	377	0.0	686
TRINITY_DN16_c0_g1_i7	3747	99.469	377	2	0	1092	1468	1	377	0.0	686
TRINITY_DN16_c0_g2_i2	959	100.000	413	0	0	169	581	1	413	0.0	763
TRINITY_DN16_c0_g2_i3	959	100.000	413	0	0	169	581	1	413	0.0	763
TRINITY_DN16_c0_g2_i4	959	100.000	413	0	0	169	581	1	413	0.0	763
TRINITY_DN16_c0_g1_i8	3747	99.469	377	2	0	1092	1468	1	377	0.0	686
TRINITY_DN15_c0_g1_i1	3520	100.000	114	0	0	187	300	114	1	4.26e-57	211
TRINITY_DN15_c0_g1_i2	3520	100.000	114	0	0	176	289	114	1	4.11e-57	211
TRINITY_DN15_c0_g1_i3	3520	100.000	114	0	0	184	297	114	1	4.22e-57	211
TRINITY_DN15_c0_g1_i4	3520	100.000	114	0	0	179	292	114	1	4.15e-57	211
TRINITY_DN15_c0_g1_i5	3520	100.000	114	0	0	183	296	114	1	4.21e-57	211
TRINITY_DN15_c0_g1_i6	3520	100.000	114	0	0	193	306	114	1	4.34e-57	211
TRINITY_DN15_c0_g1_i7	3520	100.000	114	0	0	184	297	114	1	4.22e-57	211
TRINITY_DN15_c0_g1_i8	3520	100.000	114	0	0	175	288	114	1	4.10e-57	211
TRINITY_DN15_c0_g2_i1	2097	91.837	98	2	2	111	208	120	29	2.10e-33	132
TRINITY_DN15_c0_g1_i9	3520	100.000	114	0	0	186	299	114	1	4.25e-57	211
TRINITY_DN15_c0_g3_i1	2330	100.000	58	0	0	95	152	1	58	3.47e-26	108
TRINITY_DN15_c0_g2_i2	2097	100.000	120	0	0	111	230	120	1	2.13e-60	222
TRINITY_DN15_c0_g1_i10	3520	100.000	114	0	0	191	304	114	1	4.31e-57	211
TRINITY_DN17_c0_g1_i1	4381	100.000	120	0	0	130	249	1	120	1.44e-60	222
TRINITY_DN17_c0_g2_i1	2270	99.852	674	1	0	169	842	1	674	0.0	1240
TRINITY_DN17_c0_g2_i2	2270	99.852	674	1	0	474	1147	1	674	0.0	1240
TRINITY_DN10_c0_g2_i1	3848	100.000	130	0	0	178	307	130	1	7.64e-66	241
TRINITY_DN10_c0_g2_i2	3848	100.000	130	0	0	52	181	130	1	4.60e-66	241
TRINITY_DN3_c0_g1_i1	105	100.000	92	0	0	180	271	92	1	8.13e-45	171
TRINITY_DN20_c0_g1_i1	410	100.000	94	0	0	158	251	94	1	4.74e-46	174
TRINITY_DN14_c0_g1_i1	4812	100.000	213	0	0	298	510	1	213	2.11e-111	394
TRINITY_DN14_c0_g2_i2	1042	100.000	32	0	0	336	367	32	1	1.94e-11	60.2
TRINITY_DN9_c0_g1_i1	3022	100.000	33	0	0	95	127	1	33	2.86e-12	62.1
TRINITY_DN9_c0_g2_i1	5130	100.000	60	0	0	126	185	1	60	2.64e-27	111
TRINITY_DN9_c0_g3_i1	2982	100.000	175	0	0	513	687	1	175	1.45e-90	324
TRINITY_DN9_c0_g3_i2	2982	100.000	138	0	0	513	650	1	138	4.12e-70	255
TRINITY_DN9_c0_g1_i2	3022	100.000	33	0	0	95	127	1	33	3.25e-12	62.1
